time_s=0.021605, depth=15
memory_KB=5.609375
